
****
KTX
****


CodeGPT-small-py+LIN	1k	ORIG	0.675	0.585	0.685	0.755	0.755	0.665	0.665	0.665	0.665	0.685	0.685	0.685	0.665	
CodeGPT-small-java+LIN	1k	ORIG	0.845	0.68	0.77	0.6	0.75	0.665	0.65	0.485	0.65	0.735	0.595	0.585	0.485	
CodeGPT-small-py-adapt+LIN	1k	ORIG	0.62	0.51	0.43	0.33	0.41	0.475	0.295	0.43	0.295	0.215	0.195	0.13	0.295	
CodeGPT-small-java-adapt+LIN	1k	ORIG	0.535	0.48	0.605	0.515	0.515	0.515	0.705	0.475	0.295	0.47	0.505	0.34	0.39	
CodeGen-small-multi+LIN	1k	ORIG	0.905	0.705	0.615	0.645	0.545	0.455	0.455	0.455	0.455	0.455	0.455	0.42	0.42	0.42	0.42	0.42	0.42	0.42	0.42	0.51	0.34	
CodeGen-small-mono+LIN	1k	ORIG	0.88	0.715	0.72	0.63	0.63	0.63	0.53	0.62	0.62	0.54	0.54	0.54	0.54	0.54	0.54	0.54	0.54	0.54	0.53	0.52	0.55	
PolyCoder-small+LIN 	1k	ORIG	0.725	0.735	0.645	0.735	0.635	0.67	0.735	0.735	0.57	0.735	0.835	0.835	0.735	



CodeGPT-small-py+LIN	10k	ORIG	0.754	0.709	0.6385	0.6075	0.7075	0.706	0.4735	0.635	0.6135	0.5425	0.4915	0.6985	0.6565	
CodeGPT-small-java+LIN	10k	ORIG	0.706	0.6015	0.345	0.275	0.4905	0.447	0.5005	0.456	0.637	0.666	0.481	0.3365	0.634	
CodeGPT-small-py-adapt+LIN	10k	ORIG	0.619	0.5325	0.5145	0.305	0.499	0.53	0.5045	0.4105	0.258	0.4005	0.3285	0.156	0.2825	
CodeGPT-small-java-adapt+LIN	10k	ORIG	0.528	0.5945	0.6045	0.505	0.409	0.4315	0.2875	0.276	0.504	0.3115	0.1995	0.311	0.2095	
CodeGen-small-multi+LIN	10k	ORIG	0.8295	0.6525	0.7295	0.72	0.6985	0.7245	0.7195	0.7195	0.6125	0.6985	0.7195	0.43	0.6985	0.615	0.6075	0.7035	0.6985	0.6245	0.5	0.595	0.5045	
CodeGen-small-mono+LIN	10k	ORIG	0.624	0.5005	0.414	0.7	0.6955	0.7045	0.7	0.5005	0.4445	0.7045	0.6135	0.6	0.599	0.7035	0.6985	0.7045	0.5	0.6045	0.6045	0.6945	0.306	
PolyCoder-small+LIN 	10k	ORIG	0.7995	0.5775	0.4505	0.501	0.7015	0.5275	0.625	0.5015	0.403	0.7275	0.695	0.595	0.795	



****
IDN
****


CodeGPT-small-py+LIN	1k	ORIG	0.49	0.42	0.455	0.44	0.465	0.43	0.425	0.405	0.385	0.41	0.415	0.4	0.455	
CodeGPT-small-java+LIN	1k	ORIG	0.46	0.38	0.425	0.42	0.46	0.44	0.45	0.445	0.5	0.455	0.425	0.46	0.405	
CodeGPT-small-py-adapt+LIN	1k	ORIG	0.475	0.415	0.385	0.425	0.44	0.405	0.395	0.38	0.37	0.36	0.335	0.33	0.38	
CodeGPT-small-java-adapt+LIN	1k	ORIG	0.44	0.415	0.425	0.42	0.34	0.39	0.415	0.365	0.355	0.375	0.42	0.42	0.415	
CodeGen-small-multi+LIN	1k	ORIG	0.475	0.475	0.485	0.48	0.52	0.5	0.49	0.51	0.52	0.495	0.505	0.525	0.51	0.515	0.49	0.44	0.47	0.445	0.47	0.44	0.465	
CodeGen-small-mono+LIN	1k	ORIG	0.425	0.42	0.455	0.465	0.48	0.5	0.525	0.485	0.5	0.495	0.475	0.43	0.435	0.455	0.43	0.41	0.42	0.425	0.415	0.39	0.46	
PolyCoder-small+LIN 	1k	ORIG	0.455	0.425	0.43	0.405	0.455	0.465	0.45	0.47	0.495	0.51	0.53	0.42	0.51	



CodeGPT-small-py+LIN	10k	ORIG	0.46	0.457	0.4725	0.462	0.4535	0.4445	0.47	0.47	0.462	0.452	0.442	0.4405	0.4365	
CodeGPT-small-java+LIN	10k	ORIG	0.4595	0.431	0.434	0.416	0.441	0.42	0.408	0.42	0.4285	0.424	0.424	0.4445	0.4365	
CodeGPT-small-py-adapt+LIN	10k	ORIG	0.4725	0.468	0.438	0.463	0.438	0.4375	0.425	0.4165	0.412	0.3995	0.4305	0.44	0.447	
CodeGPT-small-java-adapt+LIN	10k	ORIG	0.4465	0.4475	0.4415	0.427	0.438	0.4385	0.445	0.462	0.433	0.435	0.408	0.4045	0.457	
CodeGen-small-multi+LIN	10k	ORIG	0.49	0.499	0.5135	0.5075	0.491	0.4865	0.4865	0.4995	0.4965	0.4965	0.5035	0.49	0.48	0.484	0.494	0.4925	0.5155	0.5195	0.5275	0.541	0.4635	
CodeGen-small-mono+LIN	10k	ORIG	0.492	0.4885	0.4905	0.491	0.5015	0.442	0.499	0.5065	0.444	0.5075	0.516	0.477	0.477	0.492	0.4965	0.517	0.516	0.5035	0.5085	0.51	0.439	
PolyCoder-small+LIN 	10k	ORIG	0.4535	0.417	0.4585	0.4555	0.422	0.433	0.4575	0.434	0.4455	0.452	0.4285	0.45	0.536	



****
CPX
****


CodeGPT-small-py+LIN	1k	ORIG	0.21	0.225	0.255	0.265	0.26	0.25	0.275	0.25	0.23	0.215	0.195	0.19	0.215	
CodeGPT-small-java+LIN	1k	ORIG	0.24	0.205	0.225	0.24	0.26	0.26	0.225	0.18	0.165	0.205	0.18	0.19	0.21	
CodeGPT-small-py-adapt+LIN	1k	ORIG	0.215	0.24	0.225	0.205	0.235	0.245	0.24	0.265	0.24	0.225	0.235	0.225	0.285	
CodeGPT-small-java-adapt+LIN	1k	ORIG	0.235	0.25	0.24	0.235	0.28	0.27	0.28	0.27	0.26	0.22	0.205	0.23	0.205	
CodeGen-small-multi+LIN	1k	ORIG	0.175	0.205	0.26	0.26	0.29	0.3	0.275	0.305	0.295	0.28	0.28	0.27	0.29	0.275	0.295	0.275	0.28	0.285	0.265	0.23	0.23	
CodeGen-small-mono+LIN	1k	ORIG	0.175	0.195	0.225	0.235	0.27	0.27	0.27	0.285	0.26	0.275	0.27	0.27	0.275	0.29	0.28	0.265	0.255	0.255	0.27	0.245	0.23	
PolyCoder-small+LIN 	1k	ORIG	0.21	0.255	0.285	0.315	0.3	0.285	0.27	0.285	0.29	0.31	0.27	0.235	0.24	



CodeGPT-small-py+LIN	10k	ORIG	0.3015	0.275	0.251	0.24	0.234	0.23	0.244	0.2535	0.234	0.2235	0.254	0.2435	0.251	
CodeGPT-small-java+LIN	10k	ORIG	0.3135	0.2885	0.2625	0.246	0.2295	0.2415	0.2785	0.288	0.2305	0.235	0.2475	0.2395	0.275	
CodeGPT-small-py-adapt+LIN	10k	ORIG	0.312	0.302	0.305	0.261	0.275	0.2945	0.296	0.263	0.2625	0.2805	0.2365	0.255	0.269	
CodeGPT-small-java-adapt+LIN	10k	ORIG	0.313	0.316	0.286	0.265	0.2975	0.299	0.3075	0.3225	0.2945	0.2865	0.2795	0.2925	0.283	
CodeGen-small-multi+LIN	10k	ORIG	0.237	0.323	0.3505	0.3635	0.363	0.3625	0.3875	0.387	0.378	0.371	0.355	0.3445	0.3315	0.338	0.32	0.3215	0.313	0.2915	0.2975	0.294	0.2285	
CodeGen-small-mono+LIN	10k	ORIG	0.243	0.313	0.319	0.335	0.38	0.3875	0.3855	0.3765	0.3695	0.365	0.348	0.364	0.3655	0.363	0.339	0.287	0.306	0.2965	0.3085	0.317	0.2965	
PolyCoder-small+LIN 	10k	ORIG	0.256	0.3305	0.3945	0.387	0.3945	0.38	0.367	0.3635	0.37	0.336	0.3195	0.313	0.3175	



****
AST
****


CodeGPT-small-py+LIN	1k	ORIG	0.855	0.895	0.9	0.895	0.9	0.925	0.89	0.93	0.885	0.88	0.88	0.85	0.875	
CodeGPT-small-java+LIN	1k	ORIG	0.89	0.895	0.9	0.865	0.885	0.88	0.885	0.88	0.88	0.86	0.895	0.885	0.89	
CodeGPT-small-py-adapt+LIN	1k	ORIG	0.875	0.9	0.885	0.905	0.87	0.9	0.9	0.88	0.865	0.875	0.86	0.85	0.875	
CodeGPT-small-java-adapt+LIN	1k	ORIG	0.905	0.88	0.885	0.88	0.88	0.86	0.88	0.88	0.86	0.855	0.85	0.89	0.88	
CodeGen-small-multi+LIN	1k	ORIG	0.93	0.94	0.935	0.91	0.91	0.91	0.86	0.865	0.91	0.875	0.92	0.875	0.9	0.9	0.93	0.935	0.935	0.91	0.93	0.9	0.905	
CodeGen-small-mono+LIN	1k	ORIG	0.895	0.935	0.915	0.915	0.895	0.925	0.905	0.9	0.9	0.785	0.93	0.87	0.91	0.895	0.935	0.89	0.895	0.89	0.92	0.895	0.89	
PolyCoder-small+LIN 	1k	ORIG	0.895	0.89	0.88	0.89	0.895	0.86	0.88	0.905	0.865	0.9	0.885	0.905	0.9	



CodeGPT-small-py+LIN	10k	ORIG	0.9195	0.9135	0.863	0.829	0.867	0.87	0.8525	0.8665	0.871	0.844	0.8725	0.9195	0.9085	
CodeGPT-small-java+LIN	10k	ORIG	0.9205	0.92	0.9125	0.925	0.9195	0.9145	0.917	0.901	0.9005	0.916	0.9205	0.9175	0.9165	
CodeGPT-small-py-adapt+LIN	10k	ORIG	0.913	0.9125	0.8685	0.8655	0.917	0.8585	0.8655	0.9115	0.859	0.9075	0.9055	0.847	0.851	
CodeGPT-small-java-adapt+LIN	10k	ORIG	0.915	0.918	0.907	0.92	0.918	0.913	0.923	0.92	0.915	0.917	0.8885	0.897	0.904	
CodeGen-small-multi+LIN	10k	ORIG	0.921	0.908	0.915	0.918	0.934	0.9245	0.9205	0.9275	0.928	0.9255	0.9345	0.9345	0.936	0.931	0.923	0.9235	0.923	0.9325	0.9285	0.926	0.8535	
CodeGen-small-mono+LIN	10k	ORIG	0.8645	0.9085	0.8985	0.87	0.8595	0.8655	0.8395	0.873	0.874	0.8675	0.8615	0.875	0.8675	0.8615	0.868	0.8705	0.859	0.9115	0.859	0.923	0.864	
PolyCoder-small+LIN 	10k	ORIG	0.9125	0.9285	0.924	0.9285	0.9295	0.925	0.9235	0.9265	0.8345	0.9045	0.937	0.94	0.9225	


