
****
KTX
****


StarEncoder+LIN     	1k	ORIG	0.1	0.1	0.1	0.1	0.1	0.1	0.1	0.1	0.1	0.1	0.1	0.1	0.1	
CodeBERT-base+LIN   	1k	ORIG	0.1	0.51	0.51	0.505	0.39	0.185	0.13	0.1	0.21	0.23	0.195	0.12	0.44	
CodeBERTa+LIN       	1k	ORIG	0.1	0.1	0.1	0.1	0.1	0.1	0.1	
GraphCodeBERT-base+LIN	1k	ORIG	0.1	0.54	0.44	0.505	0.19	0.445	0.365	0.52	0.435	0.565	0.6	0.435	0.345	
UnixCoder-base-unimodal+LIN	1k	ORIG	0.1	0.1	0.1	0.1	0.1	0.1	0.1	0.1	0.1	0.1	0.1	0.1	0.1	
UnixCoder-base+LIN  	1k	ORIG	0.1	0.1	0.1	0.1	0.1	0.1	0.1	0.1	0.1	0.1	0.1	0.1	0.1	



StarEncoder+LIN     	10k	ORIG	0.1	0.1	0.1	0.1	0.1	0.1	0.1	0.1	0.1	0.1	0.1	0.1	0.1	
CodeBERT-base+LIN   	10k	ORIG	0.1	0.4745	0.4745	0.509	0.5235	0.209	0.329	0.109	0.2035	0.109	0.2035	0.2035	0.3035	
CodeBERTa+LIN       	10k	ORIG	0.1	0.1	0.1	0.1	0.1	0.1	0.1	
GraphCodeBERT-base+LIN	10k	ORIG	0.1	0.5535	0.549	0.318	0.43	0.1255	0.231	0.3635	0.329	0.337	0.231	0.07	0.181	
UnixCoder-base-unimodal+LIN	10k	ORIG	0.1	0.1	0.1	0.1	0.1	0.1	0.1	0.1	0.1	0.1	0.1	0.1	0.1	
UnixCoder-base+LIN  	10k	ORIG	0.1	0.1	0.1	0.1	0.1	0.1	0.1	0.1	0.1	0.1	0.1	0.1	0.1	



****
IDN
****


StarEncoder+LIN     	1k	ORIG	0.415	0.4	0.41	0.46	0.525	0.51	0.445	0.49	0.48	0.495	0.475	0.51	0.475	
CodeBERT-base+LIN   	1k	ORIG	0.44	0.46	0.45	0.475	0.45	0.505	0.505	0.47	0.49	0.455	0.485	0.505	0.42	
CodeBERTa+LIN       	1k	ORIG	0.495	0.435	0.44	0.42	0.44	0.425	0.38	
GraphCodeBERT-base+LIN	1k	ORIG	0.425	0.465	0.425	0.465	0.465	0.505	0.47	0.485	0.49	0.51	0.47	0.465	0.485	
UnixCoder-base-unimodal+LIN	1k	ORIG	0.47	0.48	0.395	0.39	0.365	0.36	0.365	0.315	0.325	0.325	0.35	0.36	0.35	
UnixCoder-base+LIN  	1k	ORIG	0.475	0.46	0.395	0.355	0.4	0.395	0.37	0.315	0.33	0.35	0.33	0.285	0.36	



StarEncoder+LIN     	10k	ORIG	0.513	0.5185	0.4985	0.5185	0.5415	0.513	0.506	0.5235	0.54	0.5415	0.491	0.513	0.517	
CodeBERT-base+LIN   	10k	ORIG	0.4615	0.525	0.4845	0.529	0.5035	0.5045	0.505	0.491	0.4935	0.531	0.53	0.5125	0.509	
CodeBERTa+LIN       	10k	ORIG	0.463	0.4425	0.465	0.4595	0.4685	0.472	0.4425	
GraphCodeBERT-base+LIN	10k	ORIG	0.484	0.4785	0.51	0.5185	0.526	0.5235	0.52	0.5095	0.5145	0.5315	0.503	0.513	0.496	
UnixCoder-base-unimodal+LIN	10k	ORIG	0.488	0.4915	0.4595	0.431	0.41	0.377	0.369	0.351	0.3645	0.3425	0.342	0.3415	0.347	
UnixCoder-base+LIN  	10k	ORIG	0.4985	0.479	0.4315	0.425	0.3995	0.394	0.383	0.371	0.361	0.35	0.34	0.3435	0.3305	



****
CPX
****


StarEncoder+LIN     	1k	ORIG	0.295	0.275	0.285	0.29	0.325	0.32	0.305	0.3	0.305	0.28	0.295	0.295	0.295	
CodeBERT-base+LIN   	1k	ORIG	0.24	0.275	0.28	0.265	0.3	0.295	0.255	0.275	0.28	0.26	0.285	0.275	0.275	
CodeBERTa+LIN       	1k	ORIG	0.305	0.25	0.3	0.32	0.315	0.32	0.275	
GraphCodeBERT-base+LIN	1k	ORIG	0.24	0.275	0.26	0.285	0.315	0.31	0.3	0.275	0.255	0.285	0.29	0.285	0.265	
UnixCoder-base-unimodal+LIN	1k	ORIG	0.315	0.305	0.335	0.29	0.34	0.315	0.315	0.32	0.28	0.29	0.28	0.27	0.26	
UnixCoder-base+LIN  	1k	ORIG	0.275	0.295	0.29	0.3	0.305	0.285	0.3	0.325	0.275	0.295	0.215	0.2	0.145	



StarEncoder+LIN     	10k	ORIG	0.34	0.3655	0.3885	0.4105	0.416	0.411	0.401	0.4035	0.41	0.415	0.4105	0.397	0.3665	
CodeBERT-base+LIN   	10k	ORIG	0.3385	0.3555	0.394	0.4215	0.412	0.4335	0.419	0.4005	0.402	0.3895	0.3875	0.369	0.314	
CodeBERTa+LIN       	10k	ORIG	0.3585	0.3525	0.3525	0.383	0.3975	0.409	0.3655	
GraphCodeBERT-base+LIN	10k	ORIG	0.342	0.373	0.404	0.417	0.4275	0.4345	0.3975	0.3885	0.394	0.3855	0.392	0.3855	0.3565	
UnixCoder-base-unimodal+LIN	10k	ORIG	0.343	0.366	0.3875	0.3965	0.405	0.4	0.4	0.414	0.3665	0.3985	0.3575	0.3905	0.3515	
UnixCoder-base+LIN  	10k	ORIG	0.3455	0.3635	0.3565	0.393	0.397	0.402	0.3905	0.378	0.36	0.356	0.304	0.2855	0.2245	



****
AST
****


StarEncoder+LIN     	1k	ORIG	0.165	0.85	0.895	0.885	0.91	0.895	0.91	0.9	0.91	0.91	0.905	0.895	0.88	
CodeBERT-base+LIN   	1k	ORIG	0.205	0.9	0.895	0.875	0.815	0.38	0.285	0.245	0.36	0.81	0.815	0.81	0.84	
CodeBERTa+LIN       	1k	ORIG	0.12	0.815	0.885	0.86	0.88	0.875	0.86	
GraphCodeBERT-base+LIN	1k	ORIG	0.195	0.865	0.83	0.815	0.675	0.605	0.365	0.835	0.88	0.865	0.83	0.865	0.895	
UnixCoder-base-unimodal+LIN	1k	ORIG	0.15	0.835	0.69	0.105	0.115	0.11	0.14	0.105	0.1	0.095	0.1	0.095	0.11	
UnixCoder-base+LIN  	1k	ORIG	0.14	0.83	0.5	0.095	0.12	0.11	0.115	0.12	0.1	0.095	0.095	0.09	0.115	



StarEncoder+LIN     	10k	ORIG	0.129	0.905	0.914	0.9015	0.918	0.92	0.869	0.9265	0.925	0.925	0.9295	0.87	0.864	
CodeBERT-base+LIN   	10k	ORIG	0.1675	0.915	0.91	0.911	0.8565	0.7225	0.5545	0.4855	0.6255	0.8605	0.897	0.845	0.86	
CodeBERTa+LIN       	10k	ORIG	0.11	0.9085	0.914	0.9155	0.921	0.8885	0.891	
GraphCodeBERT-base+LIN	10k	ORIG	0.1655	0.9085	0.9165	0.9005	0.837	0.844	0.895	0.9135	0.9115	0.913	0.9145	0.866	0.905	
UnixCoder-base-unimodal+LIN	10k	ORIG	0.119	0.8895	0.799	0.1425	0.102	0.104	0.0965	0.0905	0.089	0.094	0.0885	0.088	0.09	
UnixCoder-base+LIN  	10k	ORIG	0.1165	0.8825	0.771	0.11	0.1045	0.1025	0.098	0.103	0.098	0.0945	0.094	0.0945	0.0865	


