
****
KTX
****


BERT-base-uncased+LIN	1k	ORIG	0.155	0.6	0.47	0.47	0.325	0.305	0.245	0.29	0.29	0.31	0.31	0.205	0.215	
BERT-base-cased+LIN 	1k	ORIG	0.155	0.6	0.47	0.47	0.325	0.305	0.245	0.29	0.29	0.31	0.31	0.205	0.215	
JavaBERT-KIEL+LIN   	1k	ORIG	0.19	0.565	0.69	0.59	0.49	0.695	0.655	0.56	0.57	0.655	0.78	0.78	0.78	



BERT-base-uncased+LIN	10k	ORIG	0.109	0.7215	0.6215	0.296	0.573	0.115	0.409	0.3045	0.106	0.39	0.44	0.477	0.5975	
BERT-base-cased+LIN 	10k	ORIG	0.109	0.7215	0.6215	0.296	0.573	0.115	0.409	0.3045	0.106	0.39	0.44	0.477	0.5975	
JavaBERT-KIEL+LIN   	10k	ORIG	0.109	0.35	0.23	0.423	0.3305	0.3955	0.403	0.4235	0.567	0.309	0.315	0.316	0.506	



****
IDN
****


BERT-base-uncased+LIN	1k	ORIG	0.4	0.385	0.37	0.295	0.36	0.39	0.385	0.4	0.395	0.385	0.38	0.405	0.38	
BERT-base-cased+LIN 	1k	ORIG	0.45	0.47	0.475	0.465	0.46	0.44	0.445	0.47	0.47	0.465	0.44	0.39	0.405	
JavaBERT-KIEL+LIN   	1k	ORIG	0.435	0.41	0.38	0.39	0.415	0.415	0.42	0.425	0.38	0.4	0.435	0.39	0.44	



BERT-base-uncased+LIN	10k	ORIG	0.4345	0.4425	0.428	0.444	0.4275	0.4095	0.4175	0.423	0.4095	0.4065	0.415	0.4205	0.3885	
BERT-base-cased+LIN 	10k	ORIG	0.4755	0.4685	0.465	0.4565	0.469	0.464	0.4455	0.457	0.4395	0.44	0.437	0.44	0.4325	
JavaBERT-KIEL+LIN   	10k	ORIG	0.427	0.44	0.446	0.459	0.456	0.481	0.4835	0.4715	0.4825	0.482	0.471	0.4745	0.4675	



****
CPX
****


BERT-base-uncased+LIN	1k	ORIG	0.255	0.25	0.255	0.26	0.25	0.29	0.28	0.295	0.29	0.24	0.24	0.265	0.22	
BERT-base-cased+LIN 	1k	ORIG	0.255	0.25	0.255	0.26	0.25	0.29	0.28	0.295	0.29	0.24	0.24	0.265	0.22	
JavaBERT-KIEL+LIN   	1k	ORIG	0.285	0.27	0.275	0.275	0.275	0.31	0.265	0.3	0.325	0.31	0.31	0.29	0.295	



BERT-base-uncased+LIN	10k	ORIG	0.3105	0.3105	0.3255	0.307	0.3085	0.3235	0.3145	0.3205	0.339	0.334	0.3255	0.337	0.336	
BERT-base-cased+LIN 	10k	ORIG	0.306	0.3105	0.3245	0.307	0.3085	0.323	0.3195	0.321	0.3405	0.3345	0.325	0.3315	0.3355	
JavaBERT-KIEL+LIN   	10k	ORIG	0.327	0.317	0.3145	0.3115	0.333	0.3335	0.337	0.352	0.366	0.407	0.417	0.411	0.3915	



****
AST
****


BERT-base-uncased+LIN	1k	ORIG	0.365	0.84	0.82	0.8	0.465	0.745	0.78	0.775	0.62	0.78	0.715	0.765	0.87	
BERT-base-cased+LIN 	1k	ORIG	0.39	0.865	0.825	0.79	0.44	0.765	0.805	0.765	0.625	0.8	0.74	0.815	0.88	
JavaBERT-KIEL+LIN   	1k	ORIG	0.38	0.81	0.835	0.86	0.87	0.885	0.89	0.895	0.88	0.88	0.88	0.84	0.865	



BERT-base-uncased+LIN	10k	ORIG	0.349	0.8875	0.879	0.866	0.87	0.8495	0.841	0.8425	0.7925	0.8585	0.8415	0.8565	0.8865	
BERT-base-cased+LIN 	10k	ORIG	0.371	0.8995	0.8965	0.889	0.887	0.852	0.851	0.854	0.807	0.878	0.794	0.8695	0.912	
JavaBERT-KIEL+LIN   	10k	ORIG	0.369	0.901	0.907	0.921	0.921	0.928	0.923	0.9255	0.9045	0.921	0.9235	0.9155	0.9205	


